        *                     9                                                                                                                                                   9
        *
0       *                                                                                                                                                                                                            @                     *      0
0       *                                                                                                 777777                      7             7      77                                                                              *      0
0       *                                     7                                                          3######4   3##4              5            3#4    3##4                                                        12                   *      0
0       *                                     5                                                                                                                                                                      100                   *      0
0       *           9                                                                                                                                                                                               1000              ###  *      0
0       *                               7                                                                                                                                                                          10000              000# *      0
0       *                               5   3###4      7777           12                              3#4              5     34    5  5  5     5         9 34     1  2          12  12            3##4            100000             #0000 *      0
0       *                                                     12      00         12                                                                              10  02        100  002                          1000000             00000 *      0
0       *                                           12        00      00         00        9                                                                    100  002      1000  0002     12              12 10000000             00000 *      0
0       *  g     7777777777777  8                   00        00   8  00     8   00                                              g                             1000  0002    10000  00002    00      8       00000000000   8    5   l00000 *      0
0###################################################00########00######00#########00##########  ################   #############################################0000  0000####00000  00000####00##############00000000000########0####0000#########0
000000000000000000000000000000000000000000000000000000000000000000000000000000000000000000000  0000000000000000   0000000000000000000000000000000000000000000000000  0000000000000  000000000000000000000000000000000000000000000000000000000000000
000000000000000000000000000000000000000000000000000000000000000000000000000000000000000000000  0000000000000000   0000000000000000000000000000000000000000000000000  0000000000000  000000000000000000000000000000000000000000000000000000000000000
000000000000000000000000000000000000000000000000000000000000000000000000000000000000000000000  0000000000000000   0000000000000000000000000000000000000000000000000  0000000000000  000000000000000000000000000000000000000000000000000000000000000
666666666666666666666666666666666666666666666666666666666666666666666666666666666666666666666666666666666666666666666666666666666666666666666666666666666666666666666666666666666666666666666666666666666666666666666666666666666666666666666666666
###################################################################################################################################################################################################################################################